1.17692735	1.1
0.791807922	1.2
1.188430717	7.6
0.793269712	0.65
0.908906518	0.4
0.791889581	0.4
1.107543336	0.4
1.192034656	0.3
0.829443885	0.9
1.124935799	1.1
0.810216165	0.6
0.824171963	1.6
1.782897083	0.4
1.543606725	3
1.063678539	2
1.126308246	0.9
1.193064891	0.8
1.189375794	0.6
2.267307123	1.3
0.943032635	1.15
0.622314399	1.6
0.900975141	1.2
0.972234052	5.1
1.043025004	2.5
0.964947429	0.5
0.863992137	0.4
1.026753834	0.7
0.987100819	0.8
1.54574125	3.4
1.190357464	0.9
1.453417436	1.35
1.254923643	0.9
1.397916538	2.3
1.623822563	0.8
1.095484021	1.8
1.084299756	1.8
1.08641458	0.5
1.089290738	0.9
0.983434789	0.7
1.072507295	1.1
0.882847766	1.4
1.163578338	3.6
